Text Length Statistics:
	Mean: 2671.1311737484225
	Median:2309.0
	Max:54071
	Min:23
Date  Statistics:
	Mean: 2021-08-19 14:24:34.051325184
	Median:2021-08-24 11:46:00
	Max:2021-11-16 19:48:00
	Min:2021-04-07 16:57:00